GloVE training loss
[2.687879721323649, 1.9973280032475789, 1.5762412945429485, 1.3103819290796916, 1.139072060585022, 1.0079048077265422, 0.8892229199409485, 0.7887453238169352, 0.692295511563619, 0.6210193037986755, 0.5428441166877747, 0.47445844610532123, 0.41910476485888165, 0.3695826431115468, 0.32499348123868305, 0.2906976242860158, 0.2600150803724925, 0.23742108047008514, 0.22122520208358765, 0.20405726631482443]
GloVE validation loss
[2.1945159435272217, 1.6806732813517253, 1.363256613413493, 1.250489354133606, 1.1383183002471924, 1.0909886360168457, 1.0738659699757893, 0.9910170237223307, 1.0138625899950664, 0.9487316409746805, 1.1595311760902405, 1.0566290616989136, 1.0685013731320698, 1.1202997366587322, 1.1678077379862468, 1.209994117418925, 1.3664510250091553, 1.4021783669789631, 1.3611959218978882, 1.352469762166341]
GloVE training SEM
[0.03836648048745048, 0.028990730780738553, 0.03208106590303795, 0.008616890266730442, 0.005017097910258414, 0.00821456745766356, 0.009787540695629749, 0.008597288859013322, 0.0041066625460027565, 0.0040415721747577744, 0.012314881002388988, 0.015210122478249093, 0.013649992762641117, 0.010177832867453539, 0.010947623167203047, 0.015038082318759777, 0.005847583055929803, 0.011999875303943633, 0.0025971815662367715, 0.008222577828167519]
GloVE validation SEM
[0.020685972445869057, 0.060018990952222545, 0.030659288804272423, 0.08881090340267456, 0.024759834588033547, 0.014342255705483267, 0.11029478482948642, 0.0054415837982497925, 0.04087485279966233, 0.011998937783063102, 0.1756936792219515, 0.09115377269342731, 0.08372356321692352, 0.07741558471923944, 0.05322288261059735, 0.056748433779623485, 0.18634890964010314, 0.053310179420669464, 0.06646501466677648, 0.12064087874615048]
Dumb training loss
[2.903533697128296, 2.5495988527933755, 2.2331999142964682, 1.8762194315592449, 1.5070513486862183, 1.1196664571762085, 0.7778742909431458, 0.5393032232920328, 0.391554315884908, 0.28913315137227374, 0.2394842505455017, 0.19807772835095724, 0.17746707300345102, 0.16174481809139252, 0.14249090353647867, 0.13058273245890936, 0.1271341691414515, 0.11433448642492294, 0.11090974261363347, 0.10585239281256993]
Dumb validation loss
[2.652132272720337, 2.322977860768636, 2.043107589085897, 1.846239686012268, 1.5727290709813435, 1.2785147825876872, 1.1245047251383464, 1.23399019241333, 1.2471938133239746, 1.3762110471725464, 1.3532062768936157, 1.3296100695927937, 1.4469292561213176, 1.4157090187072754, 1.4369167884190877, 1.569490909576416, 1.4590567350387573, 1.4092005491256714, 1.5171432495117188, 1.5127334594726562]
Dumb training SEM
[0.012232430659745384, 0.00511226509021095, 0.014193814015682739, 0.045578891254596396, 0.06348472740741655, 0.07072626757942603, 0.050829445549197945, 0.03569590801724904, 0.025410107375248004, 0.019242680425984236, 0.027547203005495725, 0.016980500467945026, 0.010662133532756883, 0.009129863227450517, 0.009154313818018772, 0.008921557296085526, 0.013048545075366381, 0.007998947463278555, 0.011562984697689429, 0.004896723054472413]
Dumb validation SEM
[0.04006064932512229, 0.005305474309193988, 0.0332002603520749, 0.12791591602836774, 0.14402483300715552, 0.09590581339004227, 0.021174405147762972, 0.09243642044981294, 0.18780384368426167, 0.1591574455120939, 0.10749707443839046, 0.0728416019474403, 0.022850688163695915, 0.13295100350475972, 0.16452725897103399, 0.2723632986028643, 0.09071530635792992, 0.10260418969084902, 0.09852771172656631, 0.06828691922003628]


GloVE training accuracy
[0.13030795256296793, 0.30382965008417767, 0.45528607567151386, 0.5500687559445699, 0.6057840585708618, 0.6502687931060791, 0.691419760386149, 0.7240905165672302, 0.7568029165267944, 0.780576745669047, 0.8075592716534933, 0.8307705124219259, 0.8547526995340983, 0.871713121732076, 0.8860482374827067, 0.900758425394694, 0.9099887410799662, 0.9192815621693929, 0.9269283811251322, 0.9330124656359354]
GloVE validation accuracy
[0.2463115801413854, 0.4071851273377736, 0.5348837375640869, 0.5659748315811157, 0.6075685818990072, 0.6391597986221313, 0.6405768195788065, 0.6665832996368408, 0.6667500336964926, 0.6913395126660665, 0.6630824208259583, 0.6825873255729675, 0.6882553895314535, 0.6950904528299967, 0.7047595183054606, 0.6945069432258606, 0.6859214703241984, 0.6836709181467692, 0.6927565336227417, 0.6968408823013306]
GloVE training SEM
[0.007722911775783833, 0.012344016826808905, 0.012704758128266802, 0.002588370691945924, 0.0005915443324200516, 0.0018966597107150601, 0.0033445481809234474, 0.0036761023467740744, 0.002400563414102892, 0.001777047107141424, 0.00576911404284423, 0.006711842135023292, 0.005806906641034892, 0.004006477895529861, 0.004419968101236464, 0.0053538997869843575, 0.0022052651141799572, 0.004505293909716227, 0.001621192126949427, 0.0037318083164923767]
GloVE validation SEM
[0.01589946119615976, 0.017696621065743753, 0.004421696709877503, 0.02455398952103241, 0.005826448102862557, 0.009385410043364089, 0.033729292577945935, 0.004390164583592531, 0.008344565798742543, 0.009159114383767522, 0.031028131190085816, 0.02600355887430415, 0.015517765563074331, 0.014122569563284915, 0.01100717584563771, 0.011517963899980922, 0.029209907712232825, 0.023741475588269764, 0.01212107862882712, 0.014757671454000119]
Dumb training accuracy
[0.07992665966351827, 0.12078593422969182, 0.17848064502080283, 0.2740967671076457, 0.4119890034198761, 0.5750302076339722, 0.7204233805338541, 0.8189148505528768, 0.8764012257258097, 0.9114055832227071, 0.9287202556927999, 0.9416177074114481, 0.9479935169219971, 0.9520981907844543, 0.956307053565979, 0.9588281909624735, 0.9599741697311401, 0.9614951809247335, 0.9629745284716288, 0.9647872447967529]
Dumb validation accuracy
[0.1156955932577451, 0.1589564085006714, 0.23939317961533865, 0.32149703800678253, 0.4537801146507263, 0.5788947145144144, 0.6637492775917053, 0.664749542872111, 0.6873385111490885, 0.6939234932263693, 0.704426109790802, 0.722680668036143, 0.7140118479728699, 0.7246811588605245, 0.7248478929201762, 0.7160123387972513, 0.7365174492200216, 0.7318496306737264, 0.7368508776028951, 0.7384346127510071]
Dumb training SEM
[0.0014671210878998153, 0.0026334193853575685, 0.004385159985238165, 0.014627625746963194, 0.02112363093625872, 0.02570023344031697, 0.019986937396624636, 0.014133196124723508, 0.009517657526528105, 0.007411216246625942, 0.008794187089590412, 0.005478878717442267, 0.0024893549625857455, 0.0034710404295530545, 0.002475188077430124, 0.001926154912666211, 0.002903439490319966, 0.001838053538305457, 0.0020670854453670624, 0.0008391523243023915]
Dumb validation SEM
[0.0077863689974715855, 0.002741832510786843, 0.011258051162518544, 0.058686184920877474, 0.052098828605931825, 0.039203243777666145, 0.009190913987387963, 0.02549274941521926, 0.034287657728310675, 0.02950384025948691, 0.013024082832946137, 0.015053683644957747, 0.004841708496320635, 0.02207738233334293, 0.0221577915233542, 0.032793046238846775, 0.014934604926091288, 0.018994145249701177, 0.01265941912597631, 0.006135454944560684]
