GloVE training loss
[2.696122725804647, 1.9809701442718506, 1.5055867830912273, 1.2204566796620686, 1.026537835597992, 0.8800353209177653, 0.7540340622266134, 0.6414185762405396, 0.5429276426633199, 0.4609716534614563, 0.3894912600517273, 0.33027363816897076, 0.28520755966504413, 0.2433756242195765, 0.21160109341144562, 0.19596012930075327, 0.17262651522954306, 0.16329080363114676, 0.1489663819471995, 0.13969393571217856]
GloVE validation loss
[2.211886246999105, 1.5773932536443074, 1.278127948443095, 1.1107269525527954, 1.044820745786031, 0.9470352530479431, 1.0164786378542583, 0.916155735651652, 0.8760279019673666, 0.9400420983632406, 0.9401048421859741, 0.9675593574841818, 1.0309784412384033, 1.360578219095866, 1.0929385423660278, 1.1193723281224568, 1.1690917015075684, 1.1874266862869263, 1.236743648846944, 1.2874473333358765]
GloVE training SEM
[0.003035892840935167, 0.04396878847785566, 0.03831475158859949, 0.025006227366386944, 0.034808699145941806, 0.023459614113263465, 0.01508950366194977, 0.00915281801166738, 0.008495334144730292, 0.006425739159057805, 0.006254923766371223, 0.005015536271904079, 0.00400903355119876, 0.0026816568020689422, 0.0034493666105064385, 0.005732520751147436, 0.003931214612164451, 0.006491725026113818, 0.0019610116534899587, 0.005539286903538349]
GloVE validation SEM
[0.07923315158055766, 0.05399781905286041, 0.04981663091039948, 0.034254594555683644, 0.04011132536877779, 0.04370080296242021, 0.07083154197439623, 0.0753034984445673, 0.04692944442356916, 0.059794548857601104, 0.03554230716150002, 0.037650413607354535, 0.10190799461131021, 0.4820969980301764, 0.0477306386819387, 0.04445438224524386, 0.06159459602153963, 0.06704261639513794, 0.030452632725911054, 0.08906950003333555]
Dumb training loss
[2.9198809464772544, 2.6322572231292725, 2.5182859897613525, 1.7617210547129314, 1.288442850112915, 1.0203841129938762, 0.7258289655049642, 0.5288402934869131, 0.41111357013384503, 0.32492635647455853, 0.27191294233004254, 0.23196453352769217, 0.20521762470404306, 0.1804687331120173, 0.1694133331378301, 0.1472167174021403, 0.13514532148838043, 0.13528047502040863, 0.17397417624791464, 0.12688223520914713]
Dumb validation loss
[2.7512842814127603, 2.3579001426696777, 1.9441494941711426, 1.5046640237172444, 1.2090707222620647, 1.0284525156021118, 0.933750053246816, 0.9938292105992635, 1.1008272965749104, 1.0580164591471355, 1.0945974191029866, 1.1398634910583496, 1.279431978861491, 1.2238144079844158, 1.4089529514312744, 1.4290480216344197, 1.3801322380701702, 1.4563490152359009, 1.3969416618347168, 1.4256949424743652]
Dumb training SEM
[0.006127599014827413, 0.0054165914897886264, 0.3116232004125385, 0.050128515434967595, 0.07012804856436988, 0.09441333537689467, 0.04713952341597294, 0.03688052907856782, 0.031319514834011276, 0.022550255691075542, 0.022315242436060128, 0.013578797468007678, 0.012013438829941719, 0.007639561017398343, 0.006699448927201253, 0.004530512560635824, 0.010763663624121794, 0.004523974815508354, 0.0629651220107489, 0.008731084905504335]
Dumb validation SEM
[0.07406698641322695, 0.043455602471731865, 0.069374155234973, 0.07198656700038106, 0.07371081417716663, 0.062139159508580684, 0.03881107380621194, 0.06302625354821742, 0.02502574428616092, 0.034771286592039506, 0.09007948489277608, 0.0687779588340321, 0.15579516211012506, 0.07508093468760808, 0.25961158284028457, 0.1261429630250873, 0.19582346088731212, 0.044445076072128484, 0.0845824146357974, 0.08608766229239631]


GloVE training accuracy
[0.13122473657131195, 0.3097470502058665, 0.4791640639305115, 0.5813851753870646, 0.645955761273702, 0.697878897190094, 0.7388423681259155, 0.7765554189682007, 0.8100387454032898, 0.839521606763204, 0.8657957315444946, 0.8862149516741434, 0.9031545519828796, 0.9172813296318054, 0.9294912020365397, 0.934366782506307, 0.9415551821390787, 0.9453473289807638, 0.9490977923075358, 0.951868991057078]
GloVE validation accuracy
[0.24289405345916748, 0.46036508679389954, 0.5573059916496277, 0.6154871980349222, 0.6451612909634908, 0.6825039585431417, 0.6653329928716024, 0.7059264779090881, 0.7238476276397705, 0.7170126040776571, 0.7314328749974569, 0.7402683893839518, 0.7314328749974569, 0.7080103357632955, 0.7393515110015869, 0.7456864317258199, 0.749604066212972, 0.7508543729782104, 0.7471034328142802, 0.7484371066093445]
GloVE training SEM
[0.0014054583411661765, 0.015444814771946144, 0.013867663898035948, 0.008961243498562014, 0.011637866863450872, 0.007720395408902212, 0.0027973061997156232, 0.0037297001143948853, 0.0017057469000241873, 0.0023945920956378263, 0.003037068917143943, 0.0022649010952797864, 0.0007812940201830112, 0.0035176181606843843, 0.0021587100610812194, 0.003044753139952671, 0.0014153130807642547, 0.001684476368264712, 0.001505682615897115, 0.0018884008277848278]
GloVE validation SEM
[0.03073113058299167, 0.028435382153615886, 0.015282239905451247, 0.014240168576278267, 0.013265097994945872, 0.014281072821680282, 0.015765614189195875, 0.02575117542619014, 0.01561150834655392, 0.01913627303409275, 0.009196953040773313, 0.003923863634882368, 0.017711532819214656, 0.04709606726008639, 0.008244062820368783, 0.009815297797089758, 0.00995514507683451, 0.006425297183623081, 0.005134238843157152, 0.01898280010000351]
Dumb training accuracy
[0.0765304019053777, 0.11961911867062251, 0.18866941829522452, 0.3535441954930623, 0.539109061161677, 0.6589782039324442, 0.7576780319213867, 0.8269158601760864, 0.8660457531611124, 0.8961953719456991, 0.9140934348106384, 0.924803098042806, 0.9350335399309794, 0.9412218332290649, 0.9439304868380228, 0.9506813486417135, 0.9517856438954672, 0.9534316857655843, 0.947514275709788, 0.9549944003423055]
Dumb validation accuracy
[0.10102525601784389, 0.16962573925654092, 0.30365925033887226, 0.4772860010464986, 0.597482701142629, 0.6772526502609253, 0.7175960739453634, 0.7232641577720642, 0.7114278475443522, 0.7461032072703043, 0.744852880636851, 0.7493540247281393, 0.7312661409378052, 0.7521046996116638, 0.7438526352246603, 0.7584396203358968, 0.767025093237559, 0.7631908059120178, 0.7580228447914124, 0.7641076842943827]
Dumb training SEM
[0.0018474788988876794, 0.002938237041883356, 0.006649442624317901, 0.021031076918888753, 0.031052490486825193, 0.029951177271324295, 0.016991717557182123, 0.011260206951053068, 0.011018533028118152, 0.006170324172093431, 0.006489046187259337, 0.004315312247524961, 0.004016205931023473, 0.001677515423243217, 0.0028195644331208067, 0.0014097822165604033, 0.0032859997786829085, 0.002261234798564733, 0.010445381142506479, 0.00323152108232747]
Dumb validation SEM
[0.01879742922373534, 0.020731910558268157, 0.028939857013300513, 0.028613926804009433, 0.033911714835548466, 0.023480456296119147, 0.011474453119220154, 0.007866262557818318, 0.028874013909129814, 0.0047897788923946345, 0.00783439014552185, 0.0074582250755721065, 0.026433655579754144, 0.016727846000709916, 0.021063049450653067, 0.017473375927708822, 0.009509705355867227, 0.0019476887594628133, 0.016466621671946523, 0.004553308408511746]
