GloVE training loss
[2.6824987729390464, 1.955710490544637, 1.4944661458333333, 1.2110898892084758, 1.0303995211919148, 0.8833761811256409, 0.7563697497049967, 0.648333748181661, 0.5536025365193685, 0.4635617236296336, 0.3994515637556712, 0.3350832263628642, 0.28647897640864056, 0.24554314215977988, 0.21748966972033182, 0.19704323510328928, 0.17127308249473572, 0.16877035796642303, 0.1533887336651484, 0.14344834784666696]
GloVE validation loss
[2.0745608806610107, 1.679285963376363, 1.2809614340464275, 1.1653928359349568, 1.0842236677805583, 1.0144609212875366, 0.997612992922465, 0.9161007006963094, 0.9284074107805887, 1.002637247244517, 0.9780018925666809, 0.9913119872411092, 1.0433709224065144, 1.104173978169759, 1.0851115385691326, 1.0988633036613464, 1.1705729166666667, 1.2384692430496216, 1.2880024115244548, 1.359535813331604]
GloVE training SEM
[0.04258455580462813, 0.04696608033837467, 0.0451889286709355, 0.025462973175595004, 0.01893939895984468, 0.012887789647288764, 0.011013068826279799, 0.014327140513602885, 0.0072898444345795566, 0.011856272620911634, 0.01138060155350414, 0.005447556081132307, 0.0003439493221330652, 0.007510628503092185, 0.009433776032901721, 0.0032940931521630704, 0.003008219911856259, 0.009925853933400161, 0.00636451245636697, 0.0035193002291168634]
GloVE validation SEM
[0.04748400416302305, 0.0887706751534014, 0.035080025824051723, 0.07761491258763303, 0.035009292201245615, 0.02996696313816016, 0.07008461231404134, 0.04072018854666961, 0.031209878292248076, 0.018744173397147793, 0.07404654006690074, 0.061288712354922226, 0.05561954400504468, 0.15917989453440726, 0.09722504162364565, 0.09704019986393457, 0.047867807560525874, 0.06458347092005584, 0.11513382296757554, 0.13015169563831924]
Dumb training loss
[2.92020853360494, 2.6413371562957764, 2.1992645263671875, 1.6394296487172444, 1.2029428084691365, 0.8649459679921468, 0.6550098657608032, 0.5043714543183645, 0.3975611925125122, 0.32312114040056866, 0.27388325333595276, 0.23587921758492789, 0.210384671886762, 0.18427643676598868, 0.17067470649878183, 0.1593514382839203, 0.1433256467183431, 0.14341256519158682, 0.13407066464424133, 0.12732276320457458]
Dumb validation loss
[2.7678871949513755, 2.437488079071045, 1.7868543068567913, 1.3841143449147542, 1.1230429808298747, 1.034778396288554, 1.0994393229484558, 0.9203320542971293, 0.9919726252555847, 1.0803366303443909, 1.125587781270345, 1.1557103792826335, 1.1903871297836304, 1.3265717029571533, 1.3499077161153157, 1.4067428906758626, 1.5047680139541626, 1.4310975472132366, 1.5193980932235718, 1.5221814314524333]
Dumb training SEM
[0.003991611690050498, 0.02516287229251613, 0.05894383992049326, 0.04253733936013993, 0.042145993208501153, 0.022533665371034822, 0.023289207673650194, 0.013405741623170646, 0.018111423160290293, 0.017442002906853445, 0.008256308633866153, 0.010956475033544135, 0.009096337160944202, 0.010322397311801094, 0.00889546859033836, 0.007499338758626072, 0.007229457279346445, 0.006355573573748831, 0.0043533092355586035, 0.0045896268584485825]
Dumb validation SEM
[0.11537478141970463, 0.01818310643986847, 0.09222702672594008, 0.05895960056681128, 0.09595884527236277, 0.04394989391470217, 0.09104375452129548, 0.014117428826304308, 0.0234837324806112, 0.1159779675866267, 0.06541691555529502, 0.09840600800743445, 0.028609503066423903, 0.19438934170048597, 0.07488187196958342, 0.05849695058506015, 0.21023235590657297, 0.014994116056250477, 0.12741372128313094, 0.0823750467765741]


GloVE training accuracy
[0.1343084548910459, 0.3231862386067708, 0.480435053507487, 0.5805934071540833, 0.6451223095258077, 0.695941170056661, 0.7369462847709656, 0.7749510208765665, 0.8073717554410299, 0.8404800494511923, 0.8636496265729269, 0.8846314350763956, 0.9029878775278727, 0.9162603418032328, 0.927261749903361, 0.9347418347994486, 0.941180149714152, 0.9436804453531901, 0.9482852220535278, 0.9512647390365601]
GloVE validation accuracy
[0.3121613760789235, 0.4056014021237691, 0.5625572999318441, 0.5993164976437887, 0.6318246126174927, 0.6592481335004171, 0.6801700393358866, 0.7019254763921102, 0.7145953178405762, 0.7059264779090881, 0.7224306066830953, 0.7346003254254659, 0.72984911998113, 0.7295990586280823, 0.7406018177668253, 0.7481870452562968, 0.7454363505045573, 0.7413519819577535, 0.7436859210332235, 0.7486038208007812]
GloVE training SEM
[0.01028658584587288, 0.013114965686315356, 0.017673028344110123, 0.006562702571056365, 0.002429708627048385, 0.0044100188990223365, 0.002836751079245665, 0.0030135273278689765, 0.002226052155749634, 0.003914926717663728, 0.003113833980724281, 0.0019959007067244638, 0.0016042123948125288, 0.0026442788465120943, 0.0023076296736842423, 0.0007360752046879264, 0.0015471825570873552, 0.003124141889200562, 0.0013035361766743452, 0.0003118299730247998]
GloVE validation SEM
[0.004361578768592881, 0.0295377322500854, 0.007390847073017984, 0.03185678046083689, 0.005833597955924897, 0.005372316517022803, 0.014908970704098494, 0.0045057650855952, 0.01227488311949451, 0.0020108987021588364, 0.01626878659760501, 0.01258673814005595, 0.015855270723678247, 0.02379525226628773, 0.01105062066561356, 0.006731589001657721, 0.01103112763908571, 0.0063272389589272655, 0.008361222745825169, 0.014124024519211366]
Dumb training accuracy
[0.07725965728362401, 0.1166395793358485, 0.22036088009675345, 0.40778014063835144, 0.5793015758196512, 0.7019627491633097, 0.7798266410827637, 0.8323332071304321, 0.869733730951945, 0.894465963045756, 0.9136142134666443, 0.9250739614168803, 0.9337417085965475, 0.9408884445826212, 0.9434095819791158, 0.947555939356486, 0.9513272444407145, 0.9518481492996216, 0.9531816641489664, 0.9545776645342509]
Dumb validation accuracy
[0.09685754776000977, 0.15787280102570853, 0.37309326728185016, 0.5216303964455923, 0.6278236309687296, 0.6737517714500427, 0.6693339943885803, 0.7396849195162455, 0.7325164675712585, 0.7367675304412842, 0.747937003771464, 0.744852880636851, 0.7551888028780619, 0.7414353688557943, 0.7530215978622437, 0.7583562533060709, 0.7545219461123148, 0.7586063146591187, 0.754355251789093, 0.760690172513326]
Dumb training SEM
[0.0025989013805857095, 0.005370095861965502, 0.016840827368773216, 0.012291907393124111, 0.008563372361210365, 0.00619321270057065, 0.00818580659490043, 0.0058996987798075546, 0.008132900719568962, 0.006641192426295939, 0.004034532069603979, 0.005314824174167365, 0.0032555991836493007, 0.0019676336512948795, 0.0026814419401583753, 0.0018675758866827257, 0.001961036338108943, 0.0016238843363350684, 0.0024305890686112134, 0.002460595175425044]
Dumb validation SEM
[0.022478131548137794, 0.010315054290560002, 0.03221312955656742, 0.027340421324573608, 0.03512841480736492, 0.013854357193851035, 0.02949561045907022, 0.003182789510047681, 0.011269167235088903, 0.00808063625039207, 0.005482405015207794, 0.013654315115830356, 0.004696048070913678, 0.023341255614771753, 0.013885914908363045, 0.00523873361903365, 0.006714027647758471, 0.002633234195576928, 0.0036770467500160174, 0.01408809554569633]
